0.000000000000000000e+00,0.000000000000000000e+00,0.000000000000000000e+00,0.000000000000000000e+00
1.000000000000000000e+00,4.842331481799999919e-04,0.000000000000000000e+00,0.000000000000000000e+00
2.000000000000000000e+00,4.735275992400000229e-04,9.379412903466076960e-07,9.380070016177653153e-07
3.000000000000000000e+00,4.532722013099999806e-04,8.969079252912846707e-07,8.968526911223041011e-07
4.000000000000000000e+00,4.368177983699999818e-04,8.218140745802935172e-07,8.217314226036956912e-07
5.000000000000000000e+00,1.000000000000000000e+00,7.632336118357014551e-07,7.631802749960034607e-07
6.000000000000000000e+00,1.000000000000000000e+00,7.272230960633166430e-02,5.539841662383837226e-03
7.000000000000000000e+00,1.000000000000000000e+00,1.397194211371265427e-01,1.460273602363093212e-02
8.000000000000000000e+00,1.000000000000000000e+00,2.031684866701926329e-01,2.552362188007889846e-02
9.000000000000000000e+00,9.999997974300000037e-01,2.638444261368192434e-01,3.775454189643465130e-02
1.000000000000000000e+01,1.000000000000000000e+00,3.221941989557299824e-01,5.099364375775870123e-02
1.100000000000000000e+01,1.000000000000000000e+00,3.785188245867538992e-01,6.504512379908584940e-02
1.200000000000000000e+01,1.000000000000000000e+00,4.330388057407089097e-01,7.977013657388055956e-02
1.300000000000000000e+01,1.000000000000000000e+00,4.859246600203498967e-01,9.506444906432441611e-02
1.400000000000000000e+01,1.000000000000000000e+00,5.373132812105678724e-01,1.108466439888075722e-01
1.500000000000000000e+01,9.999999995299999611e-01,5.873176884417935506e-01,1.270512121008265383e-01
1.600000000000000000e+01,1.000000000000000000e+00,6.360332067948570867e-01,1.436242366412130989e-01
1.700000000000000000e+01,1.000000000000000000e+00,6.835416200175914447e-01,1.605205331079946895e-01
1.800000000000000000e+01,1.000000000000000000e+00,7.299140751946860961e-01,1.777016738067514479e-01
1.900000000000000000e+01,1.000000000000000000e+00,7.752131840725209333e-01,1.951345760720866462e-01
2.000000000000000000e+01,9.999871725900000285e-01,8.194945852047160750e-01,2.127904645914032444e-01
2.100000000000000000e+01,9.035545293500000241e-01,8.628071183716724546e-01,2.306440788816847554e-01
2.200000000000000000e+01,6.787494809899999870e-01,8.975634677255909244e-01,2.485928974738158270e-01
2.300000000000000000e+01,4.301317327099999921e-01,9.137960694725160149e-01,2.663631485108691188e-01
2.400000000000000000e+01,2.126615146199999917e-01,9.100093152045704015e-01,2.835837775398994953e-01
2.500000000000000000e+01,5.326944710999999971e-02,8.890854378637094158e-01,2.999125486566526222e-01
2.600000000000000000e+01,1.023188971899999990e-05,8.559849815336811885e-01,3.150902054437395017e-01
2.700000000000000000e+01,1.050328084500000059e-05,8.193780086187937295e-01,3.289951067670828788e-01
2.800000000000000000e+01,1.047117603300000042e-05,7.835710390862158370e-01,3.416370837552342166e-01
2.900000000000000000e+01,1.000000000000000082e-05,7.485640480278419329e-01,3.530671604807395503e-01
3.000000000000000000e+01,1.753523690499999893e-05,7.143570003482150321e-01,3.633320918206045524e-01
3.100000000000000000e+01,2.922534241699999819e-04,6.809505293657182046e-01,3.724750600460517980e-01
3.200000000000000000e+01,1.571624288799999955e-03,6.483657333313839199e-01,3.805364297844074373e-01
3.300000000000000000e+01,3.607321256099999679e-02,6.166814245004742512e-01,3.875552169986266615e-01
3.400000000000000000e+01,9.661524808900000261e-02,5.885186201240872883e-01,3.936029456122328019e-01
3.500000000000000000e+01,1.665197698099999957e-01,5.658604416951718008e-01,3.988103789466851401e-01
3.600000000000000000e+01,2.342094048599999978e-01,5.493145760153054225e-01,4.033440419706078028e-01
3.700000000000000000e+01,2.928741929900000041e-01,5.385513865840629855e-01,4.073757514832173077e-01
3.800000000000000000e+01,3.390999840600000259e-01,5.327070461065555040e-01,4.110612516245046866e-01
3.900000000000000000e+01,3.719812944299999979e-01,5.306684073794474266e-01,4.145278527086539988e-01
4.000000000000000000e+01,3.921518589799999899e-01,5.312796904712646651e-01,4.178695075557048999e-01
4.100000000000000000e+01,4.014505959099999854e-01,5.334661721294917669e-01,4.211473170261949006e-01
4.200000000000000000e+01,4.022406306799999887e-01,5.363274186094610929e-01,4.243937664609033766e-01
4.300000000000000000e+01,3.970118902199999966e-01,5.391739309671639280e-01,4.276188136524523564e-01
4.400000000000000000e+01,3.880950665099999752e-01,5.415312922747191893e-01,4.308164681563080856e-01
4.500000000000000000e+01,3.774816716100000136e-01,5.431216880467306662e-01,4.339709201575850384e-01
4.600000000000000000e+01,3.667277650799999900e-01,5.438318339395787904e-01,4.370616978714251255e-01
4.700000000000000000e+01,3.569359673899999974e-01,5.436742195776294029e-01,4.400676418636725873e-01
4.800000000000000000e+01,3.487847992700000010e-01,5.427480090208859353e-01,4.429697263787380490e-01
4.900000000000000000e+01,3.425930364499999992e-01,5.412032889148608028e-01,4.457527692920374984e-01
5.000000000000000000e+01,3.383987357500000126e-01,5.392113367379423039e-01,4.484062497620928678e-01
5.100000000000000000e+01,3.360408242899999842e-01,5.369418957687039917e-01,4.509244309546188156e-01
5.200000000000000000e+01,3.352341182899999938e-01,5.345474801823260069e-01,4.533059864624911506e-01
5.300000000000000000e+01,3.356329603200000067e-01,5.321540147614234328e-01,4.555533118458349184e-01
5.400000000000000000e+01,3.368812916100000221e-01,5.298567506689699780e-01,4.576716756751134096e-01
5.500000000000000000e+01,3.386482523900000152e-01,5.277202507600217141e-01,4.596683337185843432e-01
5.600000000000000000e+01,3.406511531599999976e-01,5.257811947211779025e-01,4.615516972655083205e-01
5.700000000000000000e+01,3.426672329400000105e-01,5.240529302901539843e-01,4.633306161488833785e-01
5.800000000000000000e+01,3.445365247700000189e-01,5.225308359868284791e-01,4.650138096461048365e-01
5.900000000000000000e+01,3.461582406500000042e-01,5.211977686633368911e-01,4.666094558724423469e-01
6.000000000000000000e+01,3.474827440800000167e-01,5.200290796566866547e-01,4.681249327152343653e-01
6.100000000000000000e+01,3.485012397000000206e-01,5.189968612637972933e-01,4.695666913931940134e-01
6.200000000000000000e+01,3.492346971399999944e-01,5.180732632813501715e-01,4.709402367445646442e-01
6.300000000000000000e+01,3.497232179499999982e-01,5.172328440329465593e-01,4.722501859122824053e-01
6.400000000000000000e+01,3.500168007000000192e-01,5.164540170889384552e-01,4.735003778277435127e-01
6.500000000000000000e+01,3.501677993299999736e-01,5.157197287772505856e-01,4.746940092455008697e-01
6.600000000000000000e+01,3.502253633599999860e-01,5.150175213015513176e-01,4.758337775416039972e-01
6.700000000000000000e+01,3.502319131800000207e-01,5.143391548556377479e-01,4.769220154682264901e-01
6.800000000000000000e+01,3.502210553699999784e-01,5.136799615367135807e-01,4.779608083395371909e-01
6.900000000000000000e+01,3.502171380199999851e-01,5.130380521683949313e-01,4.789520883828214948e-01
7.000000000000000000e+01,3.502915161499999819e-01,5.124135095847146548e-01,4.798977046215545661e-01
7.100000000000000000e+01,3.503478086999999852e-01,5.118120428765550178e-01,4.807995306939842339e-01
7.200000000000000000e+01,3.504117850199999773e-01,5.112315990011219169e-01,4.816594336689957179e-01
7.300000000000000000e+01,3.504964575399999727e-01,5.106722135118488826e-01,4.824791976601461307e-01
7.400000000000000000e+01,3.506055906000000166e-01,5.101349465925428817e-01,4.832605692478246229e-01
7.500000000000000000e+01,3.507369369900000255e-01,5.096211251717650548e-01,4.840052765992314820e-01
7.600000000000000000e+01,3.508851253799999959e-01,5.091318612689844647e-01,4.847150309794184819e-01
7.700000000000000000e+01,3.510434540199999787e-01,5.086678114517306781e-01,4.853915182353914504e-01
7.800000000000000000e+01,3.512052455299999876e-01,5.082290844753013515e-01,4.860363858950857430e-01
7.900000000000000000e+01,3.513645827099999841e-01,5.078152583929644859e-01,4.866512295391667298e-01
8.000000000000000000e+01,3.515170479499999945e-01,5.074254552705984578e-01,4.872375807859988806e-01
8.100000000000000000e+01,3.516590833800000149e-01,5.070584721861831623e-01,4.877968984300091737e-01
8.200000000000000000e+01,3.517886765300000107e-01,5.067128581455950798e-01,4.883305626463800841e-01
8.300000000000000000e+01,3.519051777300000183e-01,5.063870429667065576e-01,4.888398721793328350e-01
8.400000000000000000e+01,3.520089216499999729e-01,5.060794481591127658e-01,4.893260450142691287e-01
8.500000000000000000e+01,3.521009540500000257e-01,5.057885649112940918e-01,4.897902214780891494e-01
8.600000000000000000e+01,3.521825855999999866e-01,5.055130083301599964e-01,4.902334691513832166e-01
8.700000000000000000e+01,3.522557470400000112e-01,5.052515349546474743e-01,4.906567886814253709e-01
8.800000000000000000e+01,3.523217459399999862e-01,5.050030834467029717e-01,4.910611364553770786e-01
8.900000000000000000e+01,3.523822921900000016e-01,5.047667331348576480e-01,4.914473829094256341e-01
9.000000000000000000e+01,3.524387366400000277e-01,5.045417195752628370e-01,4.918163650449121072e-01
9.100000000000000000e+01,3.524921220100000196e-01,5.043274058820539363e-01,4.921688765713409519e-01
9.200000000000000000e+01,3.525431431500000157e-01,5.041232549128192852e-01,4.925056722799127651e-01
9.300000000000000000e+01,3.525922558799999829e-01,5.039287990857099775e-01,4.928274714911818344e-01
9.400000000000000000e+01,3.526397122100000114e-01,5.037436195886166868e-01,4.931349608038089749e-01
9.500000000000000000e+01,3.526856077300000170e-01,5.035673289917654838e-01,4.934287960465963407e-01
9.600000000000000000e+01,3.527299487700000236e-01,5.033995580353809451e-01,4.937096039148297644e-01
9.700000000000000000e+01,3.527726647800000226e-01,5.032399480905008771e-01,4.939779832349420752e-01
9.800000000000000000e+01,3.528136582899999985e-01,5.030881448243919030e-01,4.942345059252260531e-01
9.900000000000000000e+01,3.528528155299999747e-01,5.029437959656563040e-01,4.944797178704685714e-01
1.000000000000000000e+02,9.999999802500000312e-01,5.028065499738922917e-01,4.947141396999331087e-01
1.010000000000000000e+02,1.000000000000000000e+00,5.537332604769462652e-01,4.956431192032646482e-01
1.020000000000000000e+02,1.000000000000000000e+00,6.033084895447438090e-01,4.978783332695058128e-01
1.030000000000000000e+02,1.000000000000000000e+00,6.516227708548025799e-01,5.012941550597742602e-01
1.040000000000000000e+02,9.999997666300000088e-01,6.987541540693951170e-01,5.057810464442810128e-01
1.050000000000000000e+02,1.000000000000000000e+00,7.447707900055487995e-01,5.112426013002189240e-01
1.060000000000000000e+02,9.999999795699999749e-01,7.897329075863849246e-01,5.175933360335740474e-01
1.070000000000000000e+02,1.000000000000000000e+00,8.336941266960207209e-01,5.247569895659581762e-01
1.080000000000000000e+02,1.000000000000000000e+00,8.767026331291416508e-01,5.326651832551502208e-01
1.090000000000000000e+02,1.000000000000000000e+00,9.188020038924037403e-01,5.412563436518414983e-01
1.100000000000000000e+02,1.000000000000000000e+00,9.600318918395942536e-01,5.504748209122422020e-01
1.110000000000000000e+02,1.000000000000000000e+00,1.000000109019968608e+00,5.602701264977056894e-01
1.120000000000000000e+02,1.000000000000000000e+00,1.000000109019968608e+00,5.701968370453077695e-01
1.130000000000000000e+02,1.000000000000000000e+00,1.000000109019968608e+00,5.798640669206028830e-01
1.140000000000000000e+02,1.000000000000000000e+00,1.000000109019968608e+00,5.892806873058601402e-01
1.150000000000000000e+02,9.999995425500000090e-01,1.000000109019968608e+00,5.984551285280399480e-01
1.160000000000000000e+02,1.000000000000000000e+00,1.000000109019968608e+00,6.073954118442508321e-01
1.170000000000000000e+02,9.999997807999999599e-01,1.000000109019968608e+00,6.161091781810515977e-01
1.180000000000000000e+02,9.999999045399999842e-01,1.000000109019968608e+00,6.246037141441994622e-01
1.190000000000000000e+02,1.000000000000000000e+00,1.000000109019968608e+00,6.328859756422250404e-01
1.200000000000000000e+02,9.999990262700000354e-01,1.000000109019968608e+00,6.409626093938931568e-01
1.210000000000000000e+02,9.999961353999999858e-01,1.000000109019968608e+00,6.488399725666298412e-01
1.220000000000000000e+02,9.999892156299999835e-01,1.000000109019968608e+00,6.565241507137139498e-01
1.230000000000000000e+02,9.843405206799999974e-01,1.000000109019968608e+00,6.640209742565743589e-01
1.240000000000000000e+02,9.180757929399999684e-01,1.000000109019968608e+00,6.713360335925252498e-01
1.250000000000000000e+02,8.408207438300000502e-01,1.000000109019968608e+00,6.784746930281799759e-01
1.260000000000000000e+02,7.707585602700000038e-01,1.000000109019968608e+00,6.854421036031874692e-01
1.270000000000000000e+02,7.141383487000000363e-01,1.000000109019968608e+00,6.922432149588965133e-01
1.280000000000000000e+02,6.703753366200000396e-01,1.000000109019968608e+00,6.988827863096748194e-01
1.290000000000000000e+02,6.364512104099999679e-01,1.000000109019968608e+00,7.053653966404527242e-01
1.300000000000000000e+02,6.089583989300000333e-01,1.000000109019968608e+00,7.116954541329736372e-01
1.310000000000000000e+02,5.850488428500000282e-01,1.000000109019968608e+00,7.178772049558826973e-01
1.320000000000000000e+02,5.627123152099999803e-01,1.000000109019968608e+00,7.239147414497109079e-01
1.330000000000000000e+02,5.406954935300000153e-01,1.000000109019968608e+00,7.298120097704119402e-01
1.340000000000000000e+02,5.183891994799999514e-01,1.000000109019968608e+00,7.355728170007262978e-01
1.350000000000000000e+02,4.954992844800000240e-01,1.000000109019968608e+00,7.412008378280692256e-01
1.360000000000000000e+02,4.720568194900000014e-01,9.996436255135490168e-01,7.466960708658104684e-01
1.370000000000000000e+02,4.485403610700000043e-01,9.974374429458514602e-01,7.520400944633495177e-01
1.380000000000000000e+02,4.259571146900000271e-01,9.934124154293439979e-01,7.572004466546455870e-01
1.390000000000000000e+02,4.052712439400000255e-01,9.876787251427239234e-01,7.621465941606904160e-01
1.400000000000000000e+02,3.872383901299999986e-01,9.804209748902387167e-01,7.668513291982115287e-01
1.410000000000000000e+02,3.723337384200000044e-01,9.718802327403878172e-01,7.712919479339296336e-01
1.420000000000000000e+02,3.607583092600000207e-01,9.623306903510677746e-01,7.754510403358239046e-01
1.430000000000000000e+02,3.524817748899999881e-01,9.520572415733475902e-01,7.793168524300421174e-01
1.440000000000000000e+02,3.473007797700000121e-01,9.413368675264549568e-01,7.828832659473233813e-01
1.450000000000000000e+02,3.448975074100000260e-01,9.304249954524574928e-01,7.861494757595671734e-01
1.460000000000000000e+02,3.448888282299999997e-01,9.195467665014110947e-01,7.891194550571574151e-01
1.470000000000000000e+02,3.468618770799999917e-01,9.088923804491307878e-01,7.918012901175548457e-01
1.480000000000000000e+02,3.504077999699999890e-01,8.986153693133749343e-01,7.942064487318315491e-01
1.490000000000000000e+02,3.551394039099999844e-01,8.888336003065803181e-01,7.963490359266739427e-01
1.500000000000000000e+02,3.607076971000000021e-01,8.796316791645297783e-01,7.982450776681102589e-01
1.510000000000000000e+02,3.668067442499999831e-01,8.710646358409703804e-01,7.999118605540171956e-01
1.520000000000000000e+02,3.731766086500000190e-01,8.631619377061872100e-01,8.013673459625360040e-01
1.530000000000000000e+02,3.796032331299999951e-01,8.559316678152932845e-01,8.026296661946118460e-01
1.540000000000000000e+02,3.859155241000000180e-01,8.493646180708297466e-01,8.037167059424958904e-01
1.550000000000000000e+02,3.919850431399999890e-01,8.434380734622651810e-01,8.046457672815680029e-01
1.560000000000000000e+02,3.977190886900000000e-01,8.381194965667791985e-01,8.054333158244338930e-01
1.570000000000000000e+02,4.030553383600000150e-01,8.333695882441005676e-01,8.060948015780440290e-01
1.580000000000000000e+02,4.079586583400000022e-01,8.291448591066243878e-01,8.066445432578955854e-01
1.590000000000000000e+02,4.124157256300000074e-01,8.253998920838161446e-01,8.070956679420412394e-01
1.600000000000000000e+02,4.164288502999999864e-01,8.220891286606827331e-01,8.074600973461554254e-01
1.610000000000000000e+02,4.200138578600000061e-01,8.191681252492906129e-01,8.077485693736474737e-01
1.620000000000000000e+02,4.231958048900000269e-01,8.165946122599845314e-01,8.079706865407952909e-01
1.630000000000000000e+02,4.260048676800000100e-01,8.143291884590095897e-01,8.081349851598209622e-01
1.640000000000000000e+02,4.284748311400000120e-01,8.123356727400892208e-01,8.082490162876857509e-01
1.650000000000000000e+02,4.306403425600000001e-01,8.105813267298900282e-01,8.083194329548034629e-01
1.660000000000000000e+02,4.325355426299999917e-01,8.090368535595140465e-01,8.083520795134794268e-01
1.670000000000000000e+02,4.341931063300000226e-01,8.076762869991974680e-01,8.083520790632757747e-01
1.680000000000000000e+02,4.356432866500000167e-01,8.064768060076544787e-01,8.083239168203468772e-01
1.690000000000000000e+02,4.369136189200000242e-01,8.054184768341952072e-01,8.082715175887562609e-01
1.700000000000000000e+02,4.380282308999999819e-01,8.044839662555237636e-01,8.081983365230045457e-01
1.710000000000000000e+02,4.390088662900000216e-01,8.036582447788437333e-01,8.081073661347331072e-01
1.720000000000000000e+02,4.398743638100000020e-01,8.029283229974520930e-01,8.080012434297338952e-01
1.730000000000000000e+02,4.406408223300000149e-01,8.022829853263769850e-01,8.078822838281197738e-01
1.740000000000000000e+02,4.413219186399999772e-01,8.017125349320994854e-01,8.077525236637880246e-01
1.750000000000000000e+02,4.419291807299999819e-01,8.012085691996599923e-01,8.076137567268765194e-01
1.760000000000000000e+02,4.424722773499999984e-01,8.007637816305862577e-01,8.074675654850150819e-01
1.770000000000000000e+02,4.429593381999999968e-01,8.003717908598803055e-01,8.073153477409844569e-01
1.780000000000000000e+02,4.433971689899999791e-01,8.000269988087612694e-01,8.071583391452683554e-01
1.790000000000000000e+02,4.437915162500000177e-01,7.997244687844177191e-01,8.069976325872996181e-01
1.800000000000000000e+02,4.441472224199999874e-01,7.994598272708537401e-01,8.068341946154559130e-01
1.810000000000000000e+02,4.444684296199999940e-01,7.992291799523121298e-01,8.066688797466307070e-01
1.820000000000000000e+02,4.447586949799999800e-01,7.990290461130296062e-01,8.065024422468076715e-01
1.830000000000000000e+02,4.450763108199999873e-01,7.988563028855651948e-01,8.063355472232067722e-01
1.840000000000000000e+02,4.453206854999999798e-01,7.987125091332702986e-01,8.061688267479650838e-01
1.850000000000000000e+02,4.455194925600000078e-01,7.985912308618220434e-01,8.060028454693316524e-01
1.860000000000000000e+02,4.456903584399999896e-01,7.984883658358026270e-01,8.058380395477917624e-01
1.870000000000000000e+02,4.458435034700000132e-01,7.984012960468174214e-01,8.056747620408460930e-01
1.880000000000000000e+02,4.459841739600000077e-01,7.983282699546156991e-01,8.055133098825195681e-01
1.890000000000000000e+02,4.461153353599999760e-01,7.982679898138427266e-01,8.053539397237950981e-01
1.900000000000000000e+02,4.462381324299999896e-01,7.982194211877602363e-01,8.051968767527083459e-01
1.910000000000000000e+02,4.463529037899999774e-01,7.981816430823419628e-01,8.050423195544594845e-01
1.920000000000000000e+02,4.464596400199999926e-01,7.981537816636564697e-01,8.048904424698221094e-01
1.930000000000000000e+02,4.465567707900000016e-01,7.981349816844134359e-01,8.047413968513753568e-01
1.940000000000000000e+02,4.466462137800000232e-01,7.981242825872825186e-01,8.045953106520213893e-01
1.950000000000000000e+02,4.467280447900000007e-01,7.981208968019839478e-01,8.044522901567850992e-01
1.960000000000000000e+02,4.468023544699999960e-01,7.981240601259459444e-01,8.043124214325989563e-01
1.970000000000000000e+02,4.468692268600000239e-01,7.981330324714914770e-01,8.041757720920920116e-01
1.980000000000000000e+02,4.469291489300000197e-01,7.981470968111129549e-01,8.040423919267164488e-01
1.990000000000000000e+02,4.469824153999999994e-01,7.981655905218472125e-01,8.039123144969246848e-01
2.000000000000000000e+02,1.005577872000000024e-05,7.981878889689343337e-01,8.037855583856641228e-01
2.010000000000000000e+02,1.000000000000000082e-05,7.628521397371618162e-01,8.032648063846900000e-01
2.020000000000000000e+02,1.000000000000000082e-05,7.283163676715919133e-01,8.019644275662048960e-01
2.030000000000000000e+02,1.000000000000000082e-05,6.945805768558073190e-01,7.999016592729831787e-01
2.040000000000000000e+02,1.031761431799999975e-05,6.616447668397730242e-01,7.970934111800999089e-01
2.050000000000000000e+02,1.028014846000000008e-05,6.295089622455012357e-01,7.935562949598936600e-01
2.060000000000000000e+02,1.025379357400000060e-05,5.981731338830866829e-01,7.893066514737193673e-01
2.070000000000000000e+02,1.000000000000000082e-05,5.676372821689649184e-01,7.843606137692942237e-01
2.080000000000000000e+02,1.000000000000000082e-05,5.379013886448278381e-01,7.787340186960886035e-01
2.090000000000000000e+02,1.000000000000000082e-05,5.089654733019534083e-01,7.724425448644584025e-01
2.100000000000000000e+02,1.000000000000000082e-05,4.808295355285333583e-01,7.655016967773563552e-01
2.110000000000000000e+02,1.000000000000000082e-05,4.534935746774542698e-01,7.579268261080714941e-01
2.120000000000000000e+02,1.000000000000000082e-05,4.269575900631507048e-01,7.497331525606463209e-01
2.130000000000000000e+02,1.000000000000000082e-05,4.012215809580727544e-01,7.409357841525714417e-01
2.140000000000000000e+02,1.000000000000000082e-05,3.762855465887073314e-01,7.315497370827980239e-01
2.150000000000000000e+02,1.000000000000000082e-05,3.521494861310801583e-01,7.215899552890396862e-01
2.160000000000000000e+02,1.021197871000000071e-05,3.288133987056550689e-01,7.110713297865258742e-01
2.170000000000000000e+02,1.021362660099999933e-05,3.062773000305548110e-01,7.000087181521165158e-01
2.180000000000000000e+02,1.000000000000000082e-05,2.845411719541452999e-01,6.884169653493719121e-01
2.190000000000000000e+02,1.000000000000000082e-05,2.636049964686937308e-01,6.763109212251742219e-01
2.200000000000000000e+02,1.000000000000000082e-05,2.434687898115282245e-01,6.637054599075098427e-01
2.210000000000000000e+02,1.000000000000000082e-05,2.241325507185480126e-01,6.506155024325182001e-01
2.220000000000000000e+02,1.000000000000000082e-05,2.055962778187560014e-01,6.370560372933085080e-01
2.230000000000000000e+02,1.015965847500000057e-05,1.878599696201021518e-01,6.230421423798736535e-01
2.240000000000000000e+02,1.012268366499999917e-05,1.709236369660115940e-01,6.085890082903377962e-01
2.250000000000000000e+02,1.013899758400000038e-05,1.547872620920630049e-01,5.937119622004290997e-01
2.260000000000000000e+02,1.019920325999999923e-05,1.394508473041352892e-01,5.784264933763206828e-01
2.270000000000000000e+02,1.008412498900000048e-05,1.249143937383016684e-01,5.627482810654224066e-01
2.280000000000000000e+02,1.011087809600000021e-05,1.111778850388316919e-01,5.466931891676065636e-01
2.290000000000000000e+02,1.014657579700000059e-05,9.824132999509546660e-02,5.302774023243778112e-01
2.300000000000000000e+02,1.019460210800000021e-05,8.610472606493112246e-02,5.135173559595850312e-01
2.310000000000000000e+02,1.006441725799999944e-05,7.476807047356445746e-02,4.964298093758794383e-01
2.320000000000000000e+02,1.009872277099999925e-05,6.423134515075062945e-02,4.790318871036072790e-01
2.330000000000000000e+02,1.015364523700000017e-05,5.449455885580298947e-02,4.613411258220579958e-01
2.340000000000000000e+02,1.000000000000000082e-05,4.555770745823855411e-02,4.433755269229737173e-01
2.350000000000000000e+02,1.000000000000000082e-05,3.742076813731955165e-02,4.251536137131280424e-01
2.360000000000000000e+02,1.000000000000000082e-05,3.008374595577157848e-02,4.066944981044550156e-01
2.370000000000000000e+02,1.000000000000000082e-05,2.354663131939449192e-02,3.880179569249039284e-01
2.380000000000000000e+02,1.000098791399999961e-05,1.780941211422526135e-02,3.691445183600249869e-01
2.390000000000000000e+02,1.001166158199999998e-05,1.287207263218217990e-02,3.500955633461560468e-01
2.400000000000000000e+02,1.000000000000000082e-05,8.734592140081232428e-03,3.308934444910310857e-01
2.410000000000000000e+02,1.695525134000000020e-05,5.396938082562628171e-03,3.115616273729123198e-01
2.420000000000000000e+02,1.423351702000000014e-03,2.859536093836412794e-03,2.921249452806723435e-01
2.430000000000000000e+02,3.298691163999999953e-01,1.210056764647645267e-03,2.726335578917225555e-01
2.440000000000000000e+02,6.920441534100000291e-01,2.328699067272765183e-02,2.563905467095545787e-01
2.450000000000000000e+02,9.172624723500000243e-01,7.006886801282904975e-02,2.449617859068605463e-01
2.460000000000000000e+02,9.638657415900000469e-01,1.308019561102615469e-01,2.379682714792922538e-01
2.470000000000000000e+02,8.444781234299999495e-01,1.918563435894329317e-01,2.345906735721152714e-01
2.480000000000000000e+02,6.261067130599999864e-01,2.408122688137676048e-01,2.338420035029093458e-01
2.490000000000000000e+02,3.882310111599999725e-01,2.706714032015434812e-01,2.347144381998200191e-01
2.500000000000000000e+02,1.808579781999999914e-01,2.807261381214477547e-01,2.363075017032384706e-01
2.510000000000000000e+02,5.524916384399999880e-02,2.741271740777985744e-01,2.378967695036019458e-01
2.520000000000000000e+02,8.773805519600000368e-04,2.579189682829470809e-01,2.389903288224573263e-01
2.530000000000000000e+02,1.050891286999999976e-05,2.380734689429052919e-01,2.393414047793313015e-01
2.540000000000000000e+02,4.886494957400000250e-05,2.189571830282422138e-01,2.388959485307458053e-01
2.550000000000000000e+02,8.142689326199999134e-03,2.006438631229401637e-01,2.376846124746532507e-01
2.560000000000000000e+02,4.927500373899999786e-02,1.837632078068927588e-01,2.357528155207613829e-01
2.570000000000000000e+02,1.102821390100000021e-01,1.708650835304027782e-01,2.332216752233975676e-01
2.580000000000000000e+02,1.778009598399999946e-01,1.633382798603709996e-01,2.303133198103887724e-01
2.590000000000000000e+02,2.399835557599999947e-01,1.614436504803040962e-01,2.272987015494024043e-01
2.600000000000000000e+02,2.879772913900000009e-01,1.644939999951939014e-01,2.244377939696030611e-01
2.610000000000000000e+02,3.167429525000000079e-01,1.711448119769467813e-01,2.219297862714229852e-01
2.620000000000000000e+02,3.254051306299999835e-01,1.797289490164347137e-01,2.198865245269536750e-01
2.630000000000000000e+02,3.166082892900000112e-01,1.885945297576018531e-01,2.183314478174915585e-01
2.640000000000000000e+02,2.953234513299999864e-01,1.963729457187693428e-01,2.172166386724201093e-01
2.650000000000000000e+02,2.674712181000000188e-01,2.021426803493077407e-01,2.164477379114266298e-01
2.660000000000000000e+02,2.387131246799999995e-01,2.054816490654602368e-01,2.159090940163065353e-01
2.670000000000000000e+02,2.136059606400000088e-01,2.064257076364984789e-01,2.154850154038533694e-01
2.680000000000000000e+02,1.951580243100000112e-01,2.053640938823587392e-01,2.150756831744406183e-01
2.690000000000000000e+02,1.847050961199999952e-01,2.029046718782445413e-01,2.146070347160745351e-01
2.700000000000000000e+02,1.822314201299999881e-01,1.997342010885705399e-01,2.140355499210723766e-01
2.710000000000000000e+02,1.864689932899999958e-01,1.965089703416222633e-01,2.133481489056412439e-01
2.720000000000000000e+02,1.954345100200000074e-01,1.937574443859086115e-01,2.125581294582776504e-01
2.730000000000000000e+02,2.068484414600000043e-01,1.918292566258417153e-01,2.116979565416755582e-01
2.740000000000000000e+02,2.185134369900000040e-01,1.908796535325774368e-01,2.108104639155696514e-01
2.750000000000000000e+02,2.286326177699999906e-01,1.908847017443837946e-01,2.099399441650076636e-01
2.760000000000000000e+02,2.359884159300000006e-01,1.916808255040941267e-01,2.091248056156689294e-01
2.770000000000000000e+02,2.400237768800000115e-01,1.930166449235191650e-01,2.083923575549584406e-01
2.780000000000000000e+02,2.407986244599999992e-01,1.946086226441089140e-01,2.077565788000311775e-01
2.790000000000000000e+02,2.388602204399999929e-01,1.961906424625068646e-01,2.072184795539425695e-01
2.800000000000000000e+02,2.350504002000000092e-01,1.975511852617378716e-01,2.067684371286197809e-01
2.810000000000000000e+02,2.303254107699999886e-01,1.985538219150927985e-01,2.063896664687182858e-01
2.820000000000000000e+02,2.255814291699999863e-01,1.991428003106415767e-01,2.060620228220669536e-01
2.830000000000000000e+02,2.215320498099999924e-01,1.993348174647043003e-01,2.057655001150891783e-01
2.840000000000000000e+02,2.186371051800000131e-01,1.992016069782506504e-01,2.054829654618071932e-01
2.850000000000000000e+02,2.170945232100000011e-01,1.988477555464240043e-01,2.052018846935352026e-01
2.860000000000000000e+02,2.168567543100000106e-01,1.983887417184780899e-01,2.049150823697976909e-01
2.870000000000000000e+02,2.176919468700000138e-01,1.979312822940769989e-01,2.046205477008601059e-01
2.880000000000000000e+02,2.192558420999999869e-01,1.975592700931661228e-01,2.043205373035340278e-01
2.890000000000000000e+02,2.211655686400000043e-01,1.973259589557032623e-01,2.040202365952836217e-01
2.900000000000000000e+02,2.230645558999999889e-01,1.972523148628617384e-01,2.037262180914761744e-01
2.910000000000000000e+02,2.246699229099999862e-01,1.973304694137134885e-01,2.034450938460336256e-01
2.920000000000000000e+02,2.258005672199999980e-01,1.975307683467900921e-01,2.031823260044600676e-01
2.930000000000000000e+02,2.263833265899999891e-01,1.978107024142277126e-01,2.029415544589771858e-01
2.940000000000000000e+02,2.264422017499999884e-01,1.981239162153920486e-01,2.027242930129761755e-01
2.950000000000000000e+02,2.260746788200000135e-01,1.984279737280512934e-01,2.025300326286339492e-01
2.960000000000000000e+02,2.254222726700000068e-01,1.986899290202047974e-01,2.023566324835107677e-01
2.970000000000000000e+02,2.246402106500000051e-01,1.988893496801878158e-01,2.022008800033453513e-01
2.980000000000000000e+02,2.238712676400000101e-01,1.990188389399408508e-01,2.020591004916596489e-01
2.990000000000000000e+02,2.232273122900000073e-01,1.990824949262705867e-01,2.019276987248043720e-01
3.000000000000000000e+02,9.999944633299999719e-01,1.990929793298703288e-01,2.018036272922986429e-01
3.010000000000000000e+02,1.000000000000000000e+00,2.599346981762502007e-01,2.029756075994180176e-01
3.020000000000000000e+02,1.000000000000000000e+00,3.184269036781854356e-01,2.063940765809867128e-01
3.030000000000000000e+02,1.000000000000000000e+00,3.748771054097317368e-01,2.116623123737780277e-01
3.040000000000000000e+02,9.999994668999999670e-01,4.295099486466552041e-01,2.184844035088100433e-01
3.050000000000000000e+02,1.000000000000000000e+00,4.824985835360750541e-01,2.266299336281264454e-01
3.060000000000000000e+02,9.999996235100000463e-01,5.339818543737877565e-01,2.359143537864016316e-01
3.070000000000000000e+02,9.999998697699999939e-01,5.840740568853016734e-01,2.461868641054110185e-01
3.080000000000000000e+02,1.000000000000000000e+00,6.328715832732247915e-01,2.573223612423423123e-01
3.090000000000000000e+02,1.000000000000000000e+00,6.804569974103905627e-01,2.692157959985734261e-01
3.100000000000000000e+02,9.999989794300000456e-01,7.269020633501612760e-01,2.817780648941103361e-01
3.110000000000000000e+02,9.974449587699999453e-01,7.722698198417607962e-01,2.949329313978782952e-01
3.120000000000000000e+02,8.255694331599999769e-01,8.164143491550296394e-01,3.086124310741384935e-01
3.130000000000000000e+02,5.946142175799999929e-01,8.459910539829684772e-01,3.226104635610010929e-01
3.140000000000000000e+02,3.710863887899999991e-01,8.566529849681797648e-01,3.365536495991267030e-01
3.150000000000000000e+02,1.884147248499999927e-01,8.493964737366048734e-01,3.500587364638755306e-01
3.160000000000000000e+02,5.881360817700000132e-02,8.278403184444581564e-01,3.628050908789113849e-01
3.170000000000000000e+02,2.791623623200000198e-04,7.964990703995072918e-01,3.745609775651392304e-01
3.180000000000000000e+02,2.891574685500000242e-04,7.612224326326733070e-01,3.852032107997201416e-01
3.190000000000000000e+02,2.882665871600000108e-05,7.267460732518207234e-01,3.947211171516388784e-01
3.200000000000000000e+02,4.297719704099999850e-04,6.930485908822959784e-01,4.031535993105358484e-01
3.210000000000000000e+02,6.940205006499999829e-03,6.601827403191329324e-01,4.105374353537641352e-01
3.220000000000000000e+02,4.349637454699999822e-02,6.286304156826506562e-01,4.169138719088101297e-01
3.230000000000000000e+02,9.648409256699999603e-02,6.007514196423787700e-01,4.223586126426719933e-01
3.240000000000000000e+02,1.553027674399999891e-01,5.777666518501081150e-01,4.269933637061922860e-01
3.250000000000000000e+02,2.123649947900000112e-01,5.600221855329933218e-01,4.309620011162783593e-01
3.260000000000000000e+02,2.631424366999999820e-01,5.472496369540047478e-01,4.344110546391281025e-01
3.270000000000000000e+02,3.050260334200000090e-01,5.388251965996695425e-01,4.374756811583486171e-01
3.280000000000000000e+02,3.369882318999999904e-01,5.339324533174355514e-01,4.402709633712560966e-01
3.290000000000000000e+02,3.591889376799999867e-01,5.316940310852958929e-01,4.428875394353019579e-01
3.300000000000000000e+02,3.726117405000000105e-01,5.312680719977613819e-01,4.453909164857763892e-01
3.310000000000000000e+02,3.787402096099999893e-01,5.319128766107699136e-01,4.478234733851099714e-01
3.320000000000000000e+02,3.792812449499999850e-01,5.330238566755746143e-01,4.502081654287009016e-01
3.330000000000000000e+02,3.759449328600000251e-01,5.341475114264100377e-01,4.525529819650882524e-01
3.340000000000000000e+02,3.702866551399999762e-01,5.349775457724113004e-01,4.548554188223732364e-01
3.350000000000000000e+02,3.636753452200000014e-01,5.353386586862455276e-01,4.571065810127311613e-01
3.360000000000000000e+02,3.569943645700000001e-01,5.351682880100024908e-01,4.592946300801725168e-01
3.370000000000000000e+02,3.509664736800000018e-01,5.344752729932478186e-01,4.614073513657385162e-01
3.380000000000000000e+02,3.460280090799999764e-01,5.333252674410356997e-01,4.634338672651040492e-01
3.390000000000000000e+02,3.423768548000000189e-01,5.318166164162279053e-01,4.653657838814632131e-01
3.400000000000000000e+02,3.400307275900000259e-01,5.300606583330447208e-01,4.671977290493030677e-01
3.410000000000000000e+02,3.388721987100000166e-01,5.281671475651531500e-01,4.689274254061601699e-01
3.420000000000000000e+02,3.387050241899999814e-01,5.262336174978772263e-01,4.705554287914421874e-01
3.430000000000000000e+02,3.392959978899999784e-01,5.243394754507630928e-01,4.720846531029626592e-01
3.440000000000000000e+02,3.404072375500000192e-01,5.225435632597257296e-01,4.735197938788294203e-01
3.450000000000000000e+02,3.418199066300000033e-01,5.208843369381483956e-01,4.748667332053668755e-01
3.460000000000000000e+02,3.433491211499999918e-01,5.193819188968188394e-01,4.761319867634090097e-01
3.470000000000000000e+02,3.448510876399999980e-01,5.180412753407118709e-01,4.773222331339697644e-01
3.480000000000000000e+02,3.462228540100000251e-01,5.168558736555568522e-01,4.784439461959498763e-01
3.490000000000000000e+02,3.474064181400000062e-01,5.158112222346824538e-01,4.795031340668969300e-01
3.500000000000000000e+02,3.483734312599999772e-01,5.148886384856939946e-01,4.805051843008678603e-01
3.510000000000000000e+02,3.491219879499999901e-01,5.140677067232797270e-01,4.814547983797473063e-01
3.520000000000000000e+02,3.496712181000000141e-01,5.133284149379103711e-01,4.823559913472195149e-01
3.530000000000000000e+02,3.500511481099999878e-01,5.126528056676353806e-01,4.832121436528633573e-01
3.540000000000000000e+02,3.502976083400000107e-01,5.120257809873006716e-01,4.840260855655949546e-01
3.550000000000000000e+02,3.504472638500000237e-01,5.114354830276979236e-01,4.848001958625837160e-01
3.560000000000000000e+02,3.505339540299999834e-01,5.108732715121889756e-01,4.855365029762520601e-01
3.570000000000000000e+02,3.505864336399999726e-01,5.103334127747207738e-01,4.862367789286740072e-01
3.580000000000000000e+02,3.506271918200000171e-01,5.098125988549736531e-01,4.869026199126985088e-01
3.590000000000000000e+02,3.506721853800000011e-01,5.093093864840249063e-01,4.875355103852904715e-01
3.600000000000000000e+02,3.507313386099999986e-01,5.088236303669066984e-01,4.881368699165570813e-01
3.610000000000000000e+02,3.508093842600000234e-01,5.083559714523854245e-01,4.887080839104225860e-01
3.620000000000000000e+02,3.509070131300000006e-01,5.079074056414997207e-01,4.892505204588392109e-01
3.630000000000000000e+02,3.510219705700000081e-01,5.074789550780491876e-01,4.897655362757079023e-01
3.640000000000000000e+02,3.511503534200000054e-01,5.070714350423124461e-01,4.902544746667099052e-01
3.650000000000000000e+02,3.512873286200000056e-01,5.066853296324717038e-01,4.907186585710555105e-01
3.660000000000000000e+02,3.514279571899999732e-01,5.063207275705088328e-01,4.911593812584059138e-01
3.670000000000000000e+02,3.515677550199999835e-01,5.059773248526079348e-01,4.915778962688388543e-01
3.680000000000000000e+02,3.517030311500000117e-01,5.056544715363118225e-01,4.919754084545998607e-01
3.690000000000000000e+02,3.518310301800000039e-01,5.053512439826112201e-01,4.923530667295674124e-01
3.700000000000000000e+02,3.519496474600000147e-01,5.050665216336071017e-01,4.927119747933726424e-01
3.710000000000000000e+02,3.520581816600000247e-01,5.047990573480720666e-01,4.930531429586965109e-01
3.720000000000000000e+02,3.521566254499999826e-01,5.045475787499800191e-01,4.933775318078570393e-01
3.730000000000000000e+02,3.522454438300000046e-01,5.043108478562139396e-01,4.936860399930727561e-01
3.740000000000000000e+02,3.523255345599999866e-01,5.040876974276361500e-01,4.939795074667749919e-01
3.750000000000000000e+02,3.523979338100000080e-01,5.038770632020634910e-01,4.942587195067108530e-01
3.760000000000000000e+02,3.524637534100000247e-01,5.036779919880320922e-01,4.945244112443001883e-01
3.770000000000000000e+02,3.525240750599999973e-01,5.034896445845908897e-01,4.947772721942478857e-01
3.780000000000000000e+02,3.525798564800000090e-01,5.033112902664289567e-01,4.950179506294769549e-01
3.790000000000000000e+02,3.526319064799999792e-01,5.031422940145297007e-01,4.952470575771393269e-01
3.800000000000000000e+02,3.526808737200000099e-01,5.029821021274694104e-01,4.954651703372484062e-01
3.810000000000000000e+02,3.527272717200000129e-01,5.028302273367174502e-01,4.956728355160419652e-01
3.820000000000000000e+02,3.527714397100000232e-01,5.026862363373306719e-01,4.958705714870196846e-01
3.830000000000000000e+02,3.528135999800000033e-01,5.025497345187279752e-01,4.960588705883566818e-01
3.840000000000000000e+02,3.528538635999999840e-01,5.024203557123090302e-01,4.962382006651150368e-01
3.850000000000000000e+02,3.528923060699999947e-01,5.022977526065602882e-01,4.964090065226273718e-01
3.860000000000000000e+02,3.529289649499999793e-01,5.021815934287365835e-01,4.965717110454229144e-01
3.870000000000000000e+02,3.529638372800000257e-01,5.020715585540264092e-01,4.967267161115141993e-01
3.880000000000000000e+02,3.529969339499999803e-01,5.019673369599082502e-01,4.968744035377639090e-01
3.890000000000000000e+02,3.530282608799999999e-01,5.018686270708055952e-01,4.970151359497920196e-01
3.900000000000000000e+02,3.531183099099999834e-01,5.017751361404829691e-01,4.971492574696357858e-01
3.910000000000000000e+02,3.531588735200000273e-01,5.016913513014579218e-01,4.972771614340014135e-01
3.920000000000000000e+02,3.531717021699999903e-01,5.016130989609577373e-01,4.973992337265687458e-01
3.930000000000000000e+02,3.531719121999999933e-01,5.015380374516041906e-01,4.975157588033298772e-01
3.940000000000000000e+02,3.531688605100000156e-01,5.014650826770147285e-01,4.976269656662351548e-01
3.950000000000000000e+02,3.531679287200000239e-01,5.013939188273870418e-01,4.977330574135350738e-01
3.960000000000000000e+02,3.531717355999999808e-01,5.013246633905165117e-01,4.978342287228413321e-01
3.970000000000000000e+02,3.531810374700000144e-01,5.012576371583236101e-01,4.979306748811104799e-01
3.980000000000000000e+02,3.531954060099999904e-01,5.011932116015317407e-01,4.980225954556962709e-01
3.990000000000000000e+02,3.532137702900000065e-01,5.011317140775467527e-01,4.981101940240543757e-01
4.000000000000000000e+02,0.000000000000000000e+00,5.010733783130523200e-01,4.981936763301516025e-01
